Maximum : 32.112724
 Minimum : 5.1919937
 Average : 10.734510309999996
 Trending decreasing
